106 INDEX LOCORUM S. SCRIPTUM

Sap. 1, ll 3, 6. * 1151111 5, 26 l, 5.
81112,Ιο 19 5, 2. 1111111 5, 28 3, 3.
Sap. 12,4 2, 2. *1151111533 2, 3.
*8511125 5, 2. *1151111 5, 39. 40. 41. 1, 4.
81111511 5, 2. 1151111 5, 42 1, 5.
Sap. 17, 17 6, 3. *11111115 46. 47 l, 3.

11111116 15, 4.
8155511128 4, 4. *115111 6, 5. 9-13. 8, 2.
31155124 3,10. *1151111613 10, 5,
81511145 4, 8. 15151515 8,1.
8111511431 4, 5. *11151115 9, 5.
3151515914 2, 4. *Μ111117, 12 1, 2.
*81115113 1, 2. Μ511117, 1414 1,1.
Siraoh10,6 15, 3. 1151111715 16, 3.
3115511121-6 1, 6. 111151115-13 11, 3.
8115511269 3, 3. 1111117, 16. 20 11, 8.

Μ51111 7, 21-23 11, 8.
15113 5, 2. 115111.10,5-12;40-42 11, 3.
155117 5, 2. 1151111108 11, 12.
*Ies. 1, 23 5,2 1111111 10,9. 10 11, 6.
111612 3, 8, * 1111111110 13,1.

* Matth 10, 22, 24, 13 16, 5.
1555111218 1,1. Matth. 10, 29. 30 3,10.

Μ51111 10, 40 11, 2.
Ezech. 44, 30 13, 3, 1551115530 6, 2.

* 1151111 12, 31 ll, 7.
Dan. 6, 10. 13 8, 3, 1151111115, 11-20 14, 2.

Μ51111 15, 32 16, 1.
Os. 5, 4. 5, 2. Matth.18‚15-35 15, 3.

Μ11111 19, 11. 12 6, 2.
Zach. 13, 8.9 16, 5. *Matth. 19, 18 2, 2.
*25111145 16, 7, 1151111 19, 21 6, 2.

* Matth. 21, 9. 15 10, 6; 12, 1.
Maleach. 1, ll 14,1. *11511112237-39 l, 2.
* 1151515111, ll. 14 14, 3. 1151111233 2, 5, 11, 10.
* 7 1, 6. Matth. 23, 11. 13. 3,9.
’ *1111111 24, 10 16, 5.
* 1151111 5,5 3, 7. 1151111124, 11. 12 16, 3. 4.
*Μ51111ἑ 7 1, 5. *1151111 24, 24 16, 4.
Μ51111 ,18 10, 6. * 11155124, 31 9, 4, 16, 6.
11111512 3, 2. * Μ11111 24, 42. 44, 25,13 16,1

1555155145 15, 3. 11551. 25, 34 10, 5.
51551553. 24 14, 2. 1151112529 9, 2. 4.
115515, 25 ι, 5.,*15551 28, 19 7, 1.

 

