INDEX LOOORUM S. SCRIPTURAE.

Luc. 1, 42 10, 2. 4. 1601. 10, 17
Luc. 1, 69 9, 2. 11101.11,20-22
Luc. 6, 27. 28 1, 3. 1601. 11, 26
1110629 1, 4. 1001.12,3;14,2
*1110 6, 30 1, 4, 5. 1110112, 2829
Luc. 6. 32. 33 1, 3. 1001. 15, 52
1109,1-6 11, 3. *1001 16, 22
111110. 12, 35 16, 1.
1100169 4, 6. 11601819
11601.9,7
1001111. 4, 10. 11 7,1.
10111111. 7, 24 4, 3; 5, 2. 01151010
Ioann. 13, 20 11, 2. Gal. 5, 20
100111. 15, 1. 15 9, 2. (1415, 22
Ioann. 17, 11 10, 2.
100111.17,15;19,23 10, 5· Eph. 2, 20;3,5
10011. 17, 26 10, 2. 1101139
Eph. 4, 32
411. 2, 42 9, 3. Eph. 5, 25
401. 2, 42;’13,1 inser. Eph. 6,4
401. 2, 44; 4, 32 4, 8. 11011 6, 5-8
401. 2, 46; 20, 7. 11 14,1. 1101169
401. 3, 13. 26 , ·
401.8,9.11;13,6.8 , . Phil. 1,1
401. 15, 10 , . Ρ1111. 2, 14
401. 24, 23

’ 001.3,12

Rom. 1, 27 , . 001.3, 17

Rom. 8, 28 - “, . 001. 3, 22

Rom. 8, 29. 30 , .

*11011129 , . ΙΤ11000.4,3

1101111213 , . ΙΤ11000.4,11

11011112, 16 , . IThess.4, 12
IThess.4,16

1601.1,10;11,18 ,. IThess.5, 1415

16015, 10. 11;6, 11 2, 6. [Thess. 5, 22

1001. 6,7 12, 1.

1601. 6, 9. 10 2, 2. ΙΙ Thess. 2, 4.9

1601. 7,7 6, 2. ΙΙ Thess. 3, 10

I Cor. 7, 31 · 10, 6.

1601. 8, 4, 10, 20 6, 3. 1'1im.1,6;6,2l

1601. 9,13.14 13,1. ITim. 3, 2-13

1601. 10, 10 3, 6. 1Tim.5,l7

10011010 14,1.Ι 1Τί11.5,17.18

 

